0.001 0.432
0.002 0.341
0.003 0.389
0.004 0.376
0.005 0.375
0.006 0.382
0.007 0.401
0.008 0.464
0.009 0.483
0.01 0.483
0.011 0.375
0.012 0.332
0.013 0.333
0.014 0.358
0.015 0.346
0.016 0.364
0.017 0.365
0.018 0.364
0.019 0.467
0.02 0.364
0.021 0.364
0.022 0.364
0.023 0.470
0.024 0.354
0.025 0.365
0.026 0.327
0.027 0.365
0.028 0.367
0.029 0.366
0.03 0.329
0.031 0.482
0.032 0.362
0.033 0.365
0.034 0.330
0.035 0.480
0.036 0.364
0.037 0.364
0.038 0.327
0.039 0.418
0.04 0.336
0.041 0.385
0.042 0.365
0.043 0.480
0.044 0.362
0.045 0.366
0.046 0.364
0.047 0.364
0.048 0.362
0.049 0.361
0.05 0.376
0.051 0.489
0.052 0.482
0.053 0.487
0.054 0.529
0.055 0.394
0.056 0.486
0.057 0.392
0.058 0.375
0.059 0.486
0.06 0.464
0.061 0.488
0.062 0.507
0.063 0.484
0.064 0.484
0.065 0.483
0.066 0.488
0.067 0.482
0.068 0.484
0.069 0.487
0.07 0.503
0.071 0.482
0.072 0.483
0.073 0.471
0.074 0.391
0.075 0.492
0.076 0.481
0.077 0.488
0.078 0.491
0.079 0.482
0.08 0.481
0.081 0.484
0.082 0.466
0.083 0.486
0.084 0.480
0.085 0.491
0.086 0.468
0.087 0.484
0.088 0.481
0.089 0.482
0.09 0.386
0.091 0.478
0.092 0.483
0.093 0.486
0.094 0.446
0.095 0.482
0.096 0.482
0.097 0.488
0.098 0.418
0.099 0.487
0.1 0.482
